# Created by Octave 4.0.0, Sun Jun 21 16:33:54 2015 Central Europe Daylight Time <unknown@jendy>
# name: v
# type: matrix
# rows: 4
# columns: 1
 1547
 6994
 3246
 6487


